0 0.596348 0.458979 0.035320 0.037153
0 0.378121 0.616792 0.059836 0.088361
0 0.238883 0.531174 0.036797 0.052597
0 0.274543 0.486326 0.036039 0.046542
0 0.309258 0.469465 0.036422 0.039792
0 0.266000 0.405729 0.022781 0.024292
0 0.238906 0.407083 0.024688 0.021583
0 0.192410 0.398312 0.015930 0.014847
0 0.396750 0.446264 0.036062 0.029194
0 0.428723 0.432563 0.037711 0.037931
0 0.318594 0.404187 0.023703 0.017236
0 0.762918 0.409319 0.037430 0.050444
0 0.462691 0.949444 0.114289 0.095083
0 0.497332 0.481389 0.042758 0.038750
0 0.686523 0.742688 0.090188 0.116347
0 0.271941 0.832722 0.080508 0.161889
0 0.275813 0.707993 0.062688 0.101264
0 0.608117 0.889674 0.110719 0.182292
0 0.768801 0.568944 0.067367 0.067306
0 0.814422 0.519597 0.059906 0.057917
0 0.772852 0.652861 0.078312 0.090583
0 0.635223 0.557438 0.058961 0.051931
0 0.555500 0.462243 0.052125 0.043097
0 0.326355 0.425313 0.034852 0.018958
0 0.478844 0.609549 0.066078 0.086847
