0 0.591023 0.523118 0.037328 0.045514
0 0.479996 0.435840 0.038758 0.036125
0 0.528711 0.726479 0.068359 0.103097
0 0.718422 0.604090 0.064609 0.080347
0 0.850078 0.562396 0.061766 0.079153
0 0.456922 0.587201 0.055906 0.070347
0 0.273902 0.600639 0.046836 0.076667
0 0.386320 0.626479 0.060344 0.094069
0 0.482926 0.471910 0.041492 0.029542
0 0.575605 0.480167 0.052039 0.051056
0 0.613719 0.476444 0.036594 0.034639
0 0.306184 0.413299 0.020102 0.019597
0 0.815094 0.928583 0.159375 0.140778
0 0.780055 0.423667 0.035906 0.047056
0 0.430133 0.932389 0.130547 0.128250
0 0.455754 0.521903 0.051633 0.049972
0 0.184434 0.387139 0.020727 0.022500
0 0.213371 0.400201 0.024320 0.019569
0 0.249602 0.398181 0.026219 0.019556
0 0.265348 0.480125 0.044805 0.045861
0 0.258727 0.550937 0.040594 0.059347
0 0.345582 0.489222 0.044430 0.053278
0 0.374035 0.441681 0.033039 0.026972
0 0.407230 0.434931 0.031148 0.028333
0 0.778219 0.561993 0.084656 0.095264
