0 0.284801 0.690958 0.060633 0.132806
0 0.459844 0.449208 0.023266 0.033250
0 0.975105 0.590313 0.041961 0.139319
0 0.409402 0.675194 0.059086 0.113833
0 0.340656 0.542938 0.051359 0.061986
0 0.850840 0.694007 0.089523 0.083181
0 0.521508 0.653722 0.071312 0.110250
0 0.267227 0.587076 0.047422 0.076542
0 0.700340 0.598917 0.066695 0.071306
0 0.715336 0.513646 0.055375 0.059792
0 0.456187 0.604014 0.051344 0.077194
0 0.774734 0.870417 0.118641 0.148306
0 0.576258 0.483083 0.050875 0.052889
0 0.877773 0.645674 0.082687 0.071264
0 0.246949 0.907264 0.098727 0.153556
0 0.673148 0.960160 0.125000 0.074653
0 0.495437 0.547507 0.054891 0.063181
0 0.422902 0.538194 0.059727 0.061750
0 0.444258 0.460819 0.034734 0.038833
0 0.486406 0.436292 0.035625 0.030361
0 0.373594 0.410250 0.026375 0.022361
0 0.309609 0.403785 0.027375 0.020125
0 0.264859 0.482750 0.035766 0.039694
0 0.236988 0.520965 0.037086 0.053042
0 0.229449 0.451306 0.040367 0.036139
0 0.264949 0.395271 0.020227 0.017986
0 0.242883 0.407660 0.028578 0.019931
0 0.210215 0.402924 0.018992 0.019681
0 0.222859 0.381903 0.028969 0.028667
0 0.176598 0.392479 0.014617 0.014819
0 0.597590 0.464514 0.028367 0.028611
0 0.313867 0.423757 0.029781 0.024181
0 0.361488 0.433806 0.031086 0.029278
