0 0.382617 0.479542 0.041484 0.044722
0 0.323816 0.419139 0.028945 0.023056
0 0.304934 0.399972 0.029273 0.017889
0 0.273102 0.405188 0.026516 0.023069
0 0.200387 0.395062 0.025961 0.020958
0 0.314199 0.474771 0.039508 0.035125
0 0.431949 0.949056 0.142898 0.097250
0 0.224426 0.932417 0.124695 0.135167
0 0.614578 0.502778 0.048562 0.043139
0 0.555629 0.460847 0.035242 0.038972
0 0.282715 0.652715 0.056102 0.099875
0 0.502848 0.649896 0.069930 0.107847
0 0.245195 0.468882 0.037844 0.045958
0 0.825617 0.553174 0.072453 0.071042
0 0.559059 0.775174 0.082117 0.124764
0 0.352063 0.438153 0.024984 0.019639
0 0.396699 0.429840 0.020930 0.020986
0 0.321984 0.524951 0.044781 0.072681
0 0.490734 0.457840 0.024437 0.025431
0 0.765852 0.603569 0.068687 0.075500
0 0.460156 0.469097 0.035937 0.034583
0 0.619992 0.447972 0.046266 0.043167
0 0.634906 0.481792 0.043312 0.022139
0 0.835090 0.689382 0.090305 0.084542
0 0.262945 0.544819 0.042828 0.054389
