0 0.341594 0.409861 0.027234 0.021667
0 0.830715 0.612056 0.071617 0.062139
0 0.985582 0.636264 0.028383 0.087583
0 0.639145 0.561507 0.038602 0.050625
0 0.239656 0.521167 0.040266 0.063167
0 0.382117 0.624201 0.050766 0.077236
0 0.668086 0.521965 0.043828 0.044931
0 0.336629 0.427653 0.023930 0.025861
0 0.306289 0.530681 0.044766 0.069972
0 0.601973 0.639667 0.083742 0.087389
0 0.563633 0.488021 0.046359 0.041042
0 0.568449 0.445042 0.042680 0.034694
0 0.436316 0.898396 0.094883 0.190958
0 0.345980 0.489056 0.039461 0.049306
0 0.293816 0.465076 0.040586 0.044514
0 0.255453 0.403792 0.027312 0.028389
0 0.232664 0.397403 0.019578 0.023750
0 0.188473 0.395771 0.027461 0.023736
0 0.192008 0.469312 0.014172 0.042819
0 0.196258 0.438833 0.018141 0.032250
0 0.507133 0.464465 0.040359 0.037986
0 0.874926 0.697778 0.079148 0.081972
0 0.423809 0.421687 0.037070 0.034153
0 0.273965 0.839493 0.085648 0.135764
0 0.853082 0.942514 0.107055 0.108250
0 0.180758 0.416681 0.015203 0.020472
