0 0.628617 0.510549 0.052250 0.047597
0 0.409316 0.582924 0.053508 0.068403
0 0.390766 0.585007 0.090297 0.082125
0 0.369398 0.587653 0.046719 0.076750
0 0.443539 0.502944 0.049437 0.066778
0 0.401004 0.677424 0.060992 0.114903
0 0.657918 0.699174 0.088586 0.113542
0 0.544996 0.502125 0.044727 0.050056
0 0.308668 0.521285 0.039961 0.057486
0 0.650879 0.573160 0.051320 0.038792
0 0.703902 0.503556 0.056852 0.056694
0 0.920125 0.651618 0.100234 0.102764
0 0.766156 0.642278 0.077375 0.085111
0 0.597602 0.826569 0.094047 0.139778
0 0.495168 0.628722 0.060602 0.102194
0 0.467219 0.446062 0.040094 0.035736
0 0.417352 0.431285 0.038891 0.028347
0 0.345320 0.423701 0.027813 0.022708
0 0.873773 0.934375 0.144484 0.122083
0 0.531809 0.583306 0.054711 0.064778
0 0.543160 0.456160 0.049617 0.037792
0 0.468207 0.420139 0.035164 0.019139
0 0.346707 0.405062 0.031836 0.026125
0 0.295516 0.417903 0.026938 0.026556
0 0.256543 0.478257 0.036961 0.043903
0 0.250961 0.444271 0.032750 0.035125
0 0.260914 0.413722 0.023422 0.020556
0 0.237918 0.402333 0.019133 0.017250
0 0.218238 0.405736 0.019133 0.016278
0 0.188582 0.392132 0.012852 0.016764
0 0.173961 0.398333 0.013672 0.013611
0 0.373977 0.519035 0.046922 0.047792
0 0.380211 0.476194 0.039703 0.039056
0 0.331355 0.479111 0.041023 0.039056
0 0.969672 0.828007 0.060656 0.129181
0 0.667109 0.966549 0.112688 0.054292
0 0.235855 0.921611 0.120055 0.151639
