0 0.544289 0.733528 0.073797 0.110306
0 0.292254 0.506646 0.039008 0.062097
0 0.508844 0.566375 0.054641 0.063167
0 0.897281 0.460250 0.070922 0.064389
0 0.301063 0.596229 0.042797 0.074347
0 0.748547 0.577972 0.070609 0.064361
0 0.737738 0.492535 0.051555 0.051847
0 0.291180 0.435229 0.030859 0.037014
0 0.402473 0.413757 0.032961 0.032375
0 0.293238 0.778486 0.072430 0.150000
0 0.328020 0.540708 0.038570 0.061639
0 0.913605 0.594792 0.082945 0.051528
0 0.372801 0.473299 0.039430 0.038653
0 0.431559 0.509868 0.051180 0.057458
0 0.434207 0.568368 0.030617 0.061625
0 0.390191 0.633292 0.081195 0.179722
0 0.730871 0.805535 0.118055 0.168486
0 0.920102 0.547347 0.070281 0.048861
0 0.196215 0.390104 0.017555 0.020292
0 0.213477 0.403694 0.021219 0.016944
0 0.263555 0.410611 0.022109 0.019278
0 0.262402 0.453083 0.037477 0.030056
0 0.261422 0.484215 0.038453 0.035708
0 0.333816 0.486021 0.042555 0.046042
0 0.322051 0.417250 0.041477 0.034167
0 0.251699 0.551090 0.041086 0.049458
