0 0.247805 0.402056 0.030125 0.021778
0 0.281852 0.403792 0.024734 0.020028
0 0.302059 0.419687 0.021555 0.024819
0 0.361941 0.411174 0.022289 0.022681
0 0.650680 0.444938 0.121922 0.080431
0 0.960297 0.604542 0.069875 0.071000
0 0.258426 0.555653 0.040961 0.079639
0 0.567648 0.522160 0.055547 0.044042
0 0.343938 0.429465 0.026453 0.024431
0 0.188410 0.435799 0.034289 0.062264
0 0.320566 0.478764 0.038805 0.032889
0 0.778430 0.655236 0.084578 0.071583
0 0.332496 0.536979 0.043039 0.062375
0 0.301055 0.650069 0.051656 0.093056
0 0.424316 0.566549 0.052336 0.080403
0 0.821996 0.559021 0.068773 0.055764
0 0.709703 0.551840 0.060687 0.062014
0 0.275469 0.489986 0.036797 0.040361
0 0.682031 0.497563 0.052500 0.052875
0 0.565293 0.478840 0.051898 0.052153
0 0.800590 0.506889 0.063258 0.047667
0 0.505395 0.425493 0.103570 0.078236
0 0.387230 0.430194 0.030383 0.025667
0 0.372422 0.510132 0.044766 0.051931
0 0.177012 0.397806 0.025039 0.018944
0 0.261516 0.942903 0.112047 0.103722
0 0.471312 0.971229 0.120234 0.043847
0 0.626047 0.869285 0.127516 0.173292
0 0.219137 0.395382 0.022695 0.019458
