0 0.190219 0.396153 0.015391 0.016361
0 0.235676 0.400486 0.028320 0.022361
0 0.264727 0.411646 0.023828 0.026014
0 0.313836 0.417472 0.028328 0.027028
0 0.677902 0.960833 0.118055 0.071333
0 0.287195 0.628514 0.052766 0.076944
0 0.330813 0.547243 0.043750 0.059514
0 0.275012 0.584319 0.044836 0.051056
0 0.343211 0.492868 0.045141 0.046542
0 0.346438 0.464882 0.041734 0.035069
0 0.237336 0.520681 0.040469 0.040861
0 0.262848 0.444597 0.036180 0.038083
0 0.239988 0.465958 0.038445 0.033361
0 0.200621 0.474958 0.036570 0.044028
0 0.214215 0.435972 0.035258 0.027361
0 0.610254 0.474090 0.050336 0.051625
0 0.447281 0.573403 0.053781 0.065833
0 0.979398 0.580125 0.041125 0.071694
0 0.936516 0.692208 0.085641 0.076556
0 0.282738 0.782111 0.078508 0.169556
0 0.663152 0.476292 0.043758 0.030861
0 0.444855 0.460882 0.038836 0.035458
0 0.473703 0.419625 0.042312 0.044722
0 0.377516 0.410778 0.024312 0.020083
0 0.380563 0.424833 0.029969 0.022750
0 0.499723 0.480542 0.044914 0.044722
0 0.868336 0.959729 0.111453 0.068264
0 0.536922 0.433667 0.038625 0.032056
0 0.811191 0.676153 0.085023 0.082917
0 0.682719 0.721694 0.086203 0.128083
0 0.522504 0.693181 0.066523 0.116250
0 0.546469 0.580611 0.070000 0.102333
0 0.676910 0.580743 0.062211 0.066819
0 0.929129 0.608486 0.083602 0.075306
0 0.397578 0.657521 0.069687 0.137236
0 0.596523 0.529813 0.038641 0.048931
0 0.391184 0.444903 0.030383 0.026639
0 0.170445 0.392153 0.012578 0.014361
