0 0.499820 0.556868 0.065250 0.073042
0 0.722699 0.548438 0.064523 0.070153
0 0.839027 0.618604 0.091758 0.080875
0 0.532348 0.674667 0.070008 0.105194
0 0.491508 0.462472 0.038531 0.040222
0 0.447813 0.457743 0.046500 0.048264
0 0.440617 0.581764 0.052109 0.067083
0 0.342871 0.543014 0.040086 0.067778
0 0.350605 0.468431 0.043164 0.060194
0 0.972305 0.725819 0.055391 0.095611
0 0.834785 0.548465 0.084742 0.072764
0 0.515727 0.437021 0.048219 0.042486
0 0.429859 0.424278 0.032328 0.025222
0 0.594551 0.529229 0.047773 0.059569
0 0.625137 0.495368 0.053867 0.044819
0 0.289531 0.594965 0.072656 0.181319
0 0.248047 0.516104 0.043906 0.069431
0 0.365184 0.436618 0.037117 0.030736
0 0.384277 0.425785 0.019258 0.024181
0 0.324793 0.417354 0.029742 0.026736
0 0.288348 0.403438 0.021680 0.020264
0 0.254766 0.458813 0.033797 0.032069
0 0.243355 0.433056 0.039070 0.027389
0 0.217457 0.399896 0.012727 0.017236
0 0.200781 0.398729 0.018875 0.021153
0 0.177516 0.392479 0.018000 0.014903
