0 0.736105 0.518403 0.052773 0.050639
0 0.515816 0.433451 0.045758 0.030931
0 0.174551 0.375125 0.063430 0.063611
0 0.224668 0.406132 0.024617 0.020403
0 0.254324 0.401028 0.024883 0.022833
0 0.299828 0.406132 0.022625 0.018653
0 0.263430 0.415451 0.023922 0.013986
0 0.270316 0.437312 0.033117 0.023903
0 0.236871 0.441104 0.032461 0.027986
0 0.275074 0.461799 0.036727 0.030903
0 0.344258 0.420118 0.020328 0.018653
0 0.554234 0.450201 0.049047 0.034514
0 0.324750 0.447792 0.042297 0.041417
0 0.368629 0.438326 0.026383 0.029208
0 0.402180 0.446285 0.035578 0.034292
0 0.385258 0.483910 0.035797 0.035042
0 0.990824 0.642319 0.018023 0.057972
0 0.623305 0.679708 0.078016 0.101861
0 0.292566 0.503799 0.040148 0.049764
0 0.552844 0.472118 0.052297 0.055625
0 0.262273 0.898542 0.121719 0.191667
0 0.778332 0.642958 0.087617 0.117111
0 0.842543 0.615944 0.072773 0.069472
0 0.616543 0.497646 0.051570 0.059653
0 0.285625 0.625569 0.053938 0.103528
0 0.460547 0.521903 0.052234 0.053833
0 0.700043 0.537701 0.057023 0.058625
0 0.476270 0.632667 0.059898 0.081889
0 0.662895 0.469396 0.049023 0.038681
0 0.543234 0.582410 0.055812 0.071319
0 0.438066 0.577958 0.048555 0.054361
0 0.230402 0.469688 0.036586 0.034375
0 0.329984 0.536931 0.045812 0.068028
0 0.378484 0.513451 0.043422 0.056486
0 0.465156 0.454014 0.033359 0.033556
