0 0.502387 0.554028 0.049195 0.056472
0 0.267316 0.539250 0.040164 0.069194
0 0.620637 0.550562 0.052273 0.055542
0 0.866848 0.720812 0.096039 0.097514
0 0.510309 0.444576 0.112805 0.123792
0 0.453746 0.956243 0.128477 0.082375
0 0.428844 0.503597 0.046234 0.049556
0 0.656086 0.517792 0.046078 0.047861
0 0.775727 0.543347 0.051766 0.044472
0 0.731992 0.623410 0.074453 0.070431
0 0.207527 0.476958 0.029633 0.046972
0 0.240484 0.466326 0.041906 0.049708
0 0.367988 0.511451 0.046914 0.050764
0 0.745027 0.559569 0.055695 0.054778
0 0.396125 0.691528 0.059344 0.093444
0 0.560852 0.510090 0.048672 0.048569
0 0.670793 0.497576 0.033570 0.027181
0 0.217938 0.397854 0.032359 0.025292
0 0.289469 0.501903 0.037484 0.041806
0 0.222469 0.425479 0.037016 0.025681
0 0.348570 0.434472 0.034734 0.027556
0 0.439207 0.438708 0.032555 0.030778
